2.454398661360654987e-01
5.700039713487209392e-01
1.900765042040691855e-01
7.031781462555208861e-02
3.587804587877656548e-01
1.376932327555402402e-01
2.143315508631391531e-01
8.217474194674756482e-01
4.270588881318369001e-01
4.798337342409636497e-01
3.376207019930127506e-01
3.212874905277677273e-01
6.560801507343765326e-01
2.967524184050677194e-01
6.432940051070182852e-01
2.129755618962464458e-01
6.974539350490910339e-01
5.819008583510640875e-01
7.872461947533654358e-01
3.991638898236526956e-02
4.297540976037158567e-01
5.635729535638613896e-01
9.694332807902432680e-01
7.451065287705890272e-01
6.795297641087882923e-03
4.704676575606483446e-01
3.867750555483102648e-01
2.131120525258957121e-01
9.423459866237768878e-01
2.923478268286586745e-01
4.615652193017828475e-01
4.461526707011560511e-01
3.472481221299851262e-01
7.995049571459582616e-01
2.417862841339044611e-01
8.310895700032411293e-01
8.915778669467211426e-01
2.426023122663797382e-01
6.568985301697851664e-01
8.811030410341802455e-02
9.102652368665281601e-01
8.864030548389971731e-01
9.755066097108178180e-02
1.045624842747892025e-01
7.994032416907294047e-01
3.185836360357463537e-02
7.584001287988355600e-01
8.665946477993260455e-01
7.819373915308658329e-01
3.049192807760230384e-01
2.750481425974505845e-01
8.363189121208046695e-01
7.297328128771858324e-01
9.872929796025327054e-01
2.594586139626956500e-01
9.729574402822068757e-01
4.046539880541760725e-01
6.139321389151420894e-01
8.978892871590420377e-01
1.039829991246765672e-02
9.838697529748300363e-01
9.357252656203240981e-01
4.316236496585943438e-01
3.531528209245007321e-01
5.428954386582589553e-01
4.833559552898937239e-01
2.992282471305997005e-01
2.907438654448704085e-01
7.590829401337597648e-01
6.215515667990081372e-01
7.345095960577292526e-01
6.572298183787094183e-01
9.559299984631087765e-01
2.787406184741081372e-02
2.718145593815975980e-01
7.319734844013333630e-01
6.663496669561307373e-01
7.099587421993935887e-01
5.172912926313326665e-01
3.936414136962541610e-01
1.899905762058970993e-01
6.452328395191581079e-01
1.030514539838004451e-01
3.353371078038817066e-01
4.028104681384095942e-01
4.083435182414169029e-01
3.464226628392791385e-01
6.168652090348901718e-01
9.110337780782992168e-01
4.111080372724057463e-01
3.206128644969006292e-01
2.862188048701763687e-02
2.629308217112992230e-01
1.839799572444801301e-01
7.429177245645839367e-01
3.026833346228319233e-01
2.849363645184338489e-01
6.339799367877474445e-02
1.613181357131698856e-01
6.782398553925608198e-01
